21 0
30 1
10 2
10 4
36 0
25 2
37 2
35 1
25 5
20 3
17 4
17 4
3 1
35 4
20 0
15 1
30 2
30 3
17 4
35 3
38 1
33 1
33 1
18 0
2 5
20 2
25 1
16 2
35 0
22 2
38 1
0 2
8 3
11 5
35 0
33 2
8 0
30 3
17 4
23 4
3 1
35 0
17 4
22 2
35 5
8 2
27 3
38 4
35 0
38 1
30 3
3 1
32 3
10 2
38 1
1 0
28 3
32 3
30 0
11 5
20 5
20 0
35 0
1 0
2 5
11 0
6 5
35 1
3 1
38 4
8 0
28 3
30 3
20 3
7 5
38 4
3 1
3 1
38 3
35 3
15 0
0 4
7 0
27 3
17 3
15 0
30 3
20 0
37 5
35 3
36 2
1 0
20 3
35 1
15 1
22 0
38 1
38 4
10 1
28 5
36 2
21 0
35 1
22 5
17 4
37 5
21 0
33 1
16 2
31 3
38 4
35 2
11 5
12 0
11 5
33 1
10 2
23 4
15 3
36 2
12 0
11 0
0 4
37 0
0 2
28 5
27 3
28 2
38 4
30 3
30 3
22 5
3 1
13 1
31 0
28 4
7 0
21 0
8 2
36 2
11 5
25 1
11 5
35 1
30 3
30 1
37 5
20 2
33 1
27 0
27 3
5 4
38 4
7 0
25 5
2 5
8 2
36 0
10 1
35 4
37 0
36 0
20 3
25 4
30 1
37 2
15 2
35 0
11 0
10 1
30 4
18 5
28 2
11 5
25 2
35 5
10 2
20 2
35 0
36 0
10 1
11 5
15 0
28 5
11 5
20 2
1 0
38 4
3 4
36 0
30 1
28 4
36 5
3 1
37 0
0 4
8 3
38 1
11 5
20 4
8 4
30 3
11 5
10 4
37 5
36 0
18 0
38 1
37 0
15 3
35 4
35 1
25 1
20 0
30 1
36 0
20 1
17 3
30 3
30 3
37 5
30 3
15 5
37 0
27 3
31 3
38 3
32 0
17 4
22 5
20 4
18 0
35 1
21 0
30 3
13 4
20 0
35 3
10 2
30 3
20 2
18 5
16 2
17 4
20 4
10 4
35 5
25 4
31 3
15 4
2 5
10 3
31 3
15 3
37 0
1 0
38 4
10 2
7 0
36 0
16 2
23 1
0 1
35 4
37 0
26 0
36 0
35 5
8 4
20 2
21 0
35 1
37 5
15 0
30 2
35 1
21 0
10 1
15 3
35 3
35 0
12 0
18 5
7 0
32 0
22 2
20 0
10 4
13 1
38 3
22 5
21 2
12 0
18 5
37 0
35 4
3 1
38 4
12 0
35 3
11 5
15 1
20 0
36 2
18 5
2 0
31 3
8 0
2 5
20 2
30 2
5 4
6 5
36 0
20 3
10 1
8 1
8 4
2 5
25 1
25 3
17 3
8 3
15 5
0 4
15 5
8 0
36 0
10 2
35 1
37 0
20 2
35 4
30 2
15 5
23 3
35 3
35 0
0 4
36 0
21 0
10 2
27 0
38 4
6 5
38 3
15 0
10 2
35 3
38 4
30 5
1 0
10 1
8 4
1 5
8 1
23 4
38 4
8 4
12 0
11 5
20 3
35 0
37 0
0 4
30 3
20 2
27 3
12 0
20 3
22 5
35 2
17 4
20 2
1 5
23 4
10 2
17 4
35 4
35 0
30 1
15 1
1 0
3 1
36 2
35 0
15 3
2 0
20 4
8 4
38 1
20 0
1 0
28 1
25 4
18 0
35 5
10 2
10 1
11 5
35 1
17 3
27 3
20 3
20 3
38 3
25 3
21 5
15 0
37 0
8 2
33 1
35 4
37 2
10 4
3 4
35 5
3 4
8 4
35 4
32 0
11 5
30 3
8 4
0 4
27 3
8 4
20 2
25 4
35 1
2 0
0 4
37 0
35 0
18 0
17 1
30 3
8 1
31 3
18 5
8 4
25 3
15 0
37 0
10 4
6 5
17 4
38 1
30 2
30 3
30 2
35 3
8 0
8 1
15 3
10 4
11 5
30 2
18 0
36 0
33 1
20 3
3 1
17 4
26 3
1 0
16 2
37 5
12 0
3 1
13 4
20 3
20 3
30 3
38 1
18 0
11 5
36 0
12 0
30 3
6 5
28 5
21 5
36 2
12 0
38 4
7 5
0 4
31 0
27 3
6 5
15 3
20 2
35 4
38 3
37 5
25 1
27 0
0 2
7 0
12 5
27 3
20 2
36 0
12 0
38 1
17 4
3 1
11 5
35 5
25 2
28 1
25 4
23 4
12 0
0 2
7 5
17 3
36 0
28 2
0 4
15 4
12 0
37 5
21 0
3 4
30 3
2 5
8 4
36 0
8 1
21 0
30 3
23 4
31 0
35 1
21 0
10 2
30 3
36 0
20 2
35 1
31 0
35 1
36 5
20 5
31 0
0 4
21 0
0 3
37 5
17 3
20 0
15 5
3 1
30 3
15 3
20 0
38 1
33 1
8 4
2 5
35 0
2 0
20 0
10 2
0 2
35 5
1 5
30 3
1 0
7 0
35 0
35 3
16 2
8 3
1 0
32 0
31 3
12 0
28 2
25 2
31 0
25 1
25 1
8 4
11 5
28 5
10 3
0 4
35 4
33 1
12 0
36 0
20 2
0 4
15 1
15 1
0 2
28 4
27 0
30 3
37 2
20 2
1 0
10 4
0 2
12 5
15 5
20 3
10 1
15 1
22 5
37 5
37 0
16 2
12 5
2 5
20 2
30 3
1 5
35 1
0 4
27 0
12 0
20 2
37 5
21 0
21 0
20 2
8 0
36 2
38 4
22 0
12 5
35 0
36 0
36 2
28 4
11 5
31 0
8 2
31 3
33 1
30 3
38 4
0 1
20 0
18 5
37 5
37 0
28 2
2 5
16 2
22 5
35 5
18 5
0 4
8 2
31 0
18 5
2 0
25 1
12 0
37 2
20 4
35 2
8 4
6 5
37 5
8 4
18 5
17 4
20 3
26 3
11 5
2 5
37 5
15 3
36 0
27 3
37 0
13 1
31 0
21 2
27 3
35 5
8 0
7 5
25 2
21 2
18 5
35 3
36 0
3 1
27 3
3 1
0 2
21 0
30 3
0 4
0 4
35 0
17 3
1 0
15 1
20 0
3 1
18 0
30 3
21 0
28 2
10 2
12 5
15 3
25 5
2 0
36 2
12 5
31 3
3 1
38 1
17 3
10 4
10 1
8 0
1 5
8 2
35 1
7 0
2 0
10 4
15 5
22 5
37 5
20 3
35 5
11 5
37 0
17 4
20 0
35 5
11 5
35 4
10 4
37 5
6 5
21 2
36 0
36 2
21 0
11 5
15 5
21 0
20 0
8 4
33 1
28 2
3 1
6 5
31 3
13 1
15 0
7 0
15 1
8 3
25 1
7 5
0 4
27 3
6 5
25 1
11 0
37 2
0 2
26 3
